{
    "w": 800,
    "h": 800,
    "fl_x": 1000,
    "fl_y": 1000,
    "camera_angle_x": 0.6911112070083618,
    "camera_angle_y": 0.6911112070083618,
    "frames": [
        {
            "file_path": "./train/r_0.png",
            "rotation": 0.012566370614359171,
            "transform_matrix": [
                [
                    -0.9999021887779236,
                    0.004192245192825794,
                    -0.013345719315111637,
                    -0.05379832163453102
                ],
                [
                    -0.013988681137561798,
                    -0.2996590733528137,
                    0.95394366979599,
                    3.845470428466797
                ],
                [
                    -4.656612873077393e-10,
                    0.9540371894836426,
                    0.29968830943107605,
                    1.2080823183059692
                ],
                [
                    0.0,
                    0.0,
                    0.0,
                    1.0
                ]
            ]
        },
        {
            "file_path": "./train/r_1.png",
            "rotation": 0.012566370614359171,
            "transform_matrix": [
                [
                    -0.9305422306060791,
                    0.11707554012537003,
                    -0.34696459770202637,
                    -1.398659110069275
                ],
                [
                    -0.3661845624446869,
                    -0.29751041531562805,
                    0.8817007541656494,
                    3.5542497634887695
                ],
                [
                    7.450580596923828e-09,
                    0.9475130438804626,
                    0.3197172284126282,
                    1.2888214588165283
                ],
                [
                    0.0,
                    0.0,
                    0.0,
                    1.0
                ]
            ]
        },
        {
            "file_path": "./train/r_2.png",
            "rotation": 0.012566370614359171,
            "transform_matrix": [
                [
                    0.4429636299610138,
                    0.31377720832824707,
                    -0.8398374915122986,
                    -3.385493516921997
                ],
                [
                    -0.8965396881103516,
                    0.1550314873456955,
                    -0.41494810581207275,
                    -1.6727094650268555
                ],
                [
                    0.0,
                    0.936754584312439,
                    0.3499869406223297,
                    1.4108426570892334
                ],
                [
                    0.0,
                    0.0,
                    0.0,
                    1.0
                ]
            ]
        },
        {
            "file_path": "./train/r_3.png",
            "rotation": 0.012566370614359171,
            "transform_matrix": [
                [
                    0.7956318259239197,
                    0.5209260582923889,
                    -0.3092023432254791,
                    -1.2464345693588257
                ],
                [
                    -0.6057805418968201,
                    0.6841840147972107,
                    -0.40610620379447937,
                    -1.6370664834976196
                ],
                [
                    -1.4901161193847656e-08,
                    0.5104197859764099,
                    0.859925389289856,
                    3.4664700031280518
                ],
                [
                    0.0,
                    0.0,
                    0.0,
                    1.0
                ]
            ]
        },
        {
            "file_path": "./train/r_4.png",
            "rotation": 0.012566370614359171,
            "transform_matrix": [
                [
                    -0.6566542387008667,
                    -0.2367822825908661,
                    0.7160581946372986,
                    2.8865230083465576
                ],
                [
                    0.7541918158531189,
                    -0.20615987479686737,
                    0.623452365398407,
                    2.513216972351074
                ],
                [
                    -1.4901162970204496e-08,
                    0.9494377970695496,
                    0.31395500898361206,
                    1.26559317111969
                ],
                [
                    0.0,
                    0.0,
                    0.0,
                    1.0
                ]
            ]
        }
    ]
}
